filename,true_label,prediction,confidence,snr,prob_BPSK,prob_QPSK,prob_8PSK,prob_16QAM,prob_64QAM
16QAM_SNR0_ID1.npy,16QAM,16QAM,0.7252387130339453,0.0,0.026938535386683025,0.14545457427483796,0.019001950280601542,0.7252387130339453,0.08336622702393219
16QAM_SNR0_ID10.npy,16QAM,64QAM,0.7471680569176501,0.0,0.06508376822937426,0.004613704438230203,0.08635109151925004,0.09678337889549547,0.7471680569176501
16QAM_SNR0_ID100.npy,16QAM,16QAM,0.7685765318108638,0.0,0.013738342204602556,0.09105219823565532,0.007114862185802736,0.7685765318108638,0.11951806556307558
16QAM_SNR0_ID101.npy,16QAM,64QAM,0.5987128053443199,0.0,0.01857786525117164,0.01737559750245882,0.015333939348072919,0.3499997925539767,0.5987128053443199
16QAM_SNR0_ID102.npy,16QAM,16QAM,0.6653714694488143,0.0,0.06571416064877289,0.18191197293186478,0.052468447481582886,0.6653714694488143,0.034533949488965154
16QAM_SNR0_ID103.npy,16QAM,QPSK,0.5770717311314305,0.0,0.0151704501255126,0.5770717311314305,0.07046990314514688,0.3088122157340194,0.028475699863890563
16QAM_SNR0_ID104.npy,16QAM,16QAM,0.765818413927176,0.0,0.04845756150841314,0.061211071185813294,0.011062323967937182,0.765818413927176,0.11345062941066042
16QAM_SNR0_ID105.npy,16QAM,16QAM,0.7237065171232696,0.0,0.023632841053878296,0.1353211106292166,0.04648368732473594,0.7237065171232696,0.0708558438688996
16QAM_SNR0_ID106.npy,16QAM,16QAM,0.6780763343473961,0.0,0.04620169970741798,0.1647327615943772,0.0601920435728937,0.6780763343473961,0.05079716077791496
16QAM_SNR0_ID107.npy,16QAM,64QAM,0.5003964684857992,0.0,0.018570701038631458,0.17257489658588332,0.010230912999143651,0.29822702089054237,0.5003964684857992
16QAM_SNR0_ID108.npy,16QAM,64QAM,0.5454681966297591,0.0,0.03707740187259455,0.033698532748270865,0.0297493740186389,0.3540064947307366,0.5454681966297591
16QAM_SNR0_ID109.npy,16QAM,16QAM,0.7061922842942625,0.0,0.0322499312592264,0.1833435231729381,0.020517393776927687,0.7061922842942625,0.057696867496645265
16QAM_SNR0_ID11.npy,16QAM,16QAM,0.5122378920261893,0.0,0.015599489700209778,0.013927928109221398,0.010415422280761406,0.5122378920261893,0.4478192678836181
16QAM_SNR0_ID110.npy,16QAM,16QAM,0.6977286083844361,0.0,0.027357276550754085,0.20134119768096148,0.019430505011297932,0.6977286083844361,0.05414241237255048
16QAM_SNR0_ID111.npy,16QAM,16QAM,0.46829928492715406,0.0,0.022016197131813766,0.2559616000690256,0.04401549781049139,0.46829928492715406,0.20970742006151522
16QAM_SNR0_ID112.npy,16QAM,16QAM,0.742712150748639,0.0,0.04453251681623914,0.14106604043971335,0.020243936061960757,0.742712150748639,0.051445355933447706
16QAM_SNR0_ID113.npy,16QAM,16QAM,0.5163344970835653,0.0,0.015491402418142968,0.0746557432916481,0.007716302213622152,0.5163344970835653,0.38580205499302156
16QAM_SNR0_ID114.npy,16QAM,64QAM,0.5265744092498342,0.0,0.023007090985148096,0.015806466939795937,0.01425589493688038,0.4203561378883413,0.5265744092498342
16QAM_SNR0_ID115.npy,16QAM,16QAM,0.4994711652539742,0.0,0.050440743728812534,0.19805233496175187,0.02283348534421037,0.4994711652539742,0.22920227071125102
16QAM_SNR0_ID116.npy,16QAM,QPSK,0.4507674731092631,0.0,0.030095351185757395,0.4507674731092631,0.1980185597743097,0.2943273265630951,0.026791289367574696
16QAM_SNR0_ID117.npy,16QAM,64QAM,0.5715029468477824,0.0,0.012911229713097888,0.011553216945997457,0.0032715448722008883,0.4007610616209214,0.5715029468477824
16QAM_SNR0_ID118.npy,16QAM,16QAM,0.4844204264754968,0.0,0.025480894897895446,0.4042820317389251,0.05599772579478576,0.4844204264754968,0.02981892109289686
16QAM_SNR0_ID119.npy,16QAM,64QAM,0.7829270056396864,0.0,0.019356419591132403,0.004764749768546161,0.014282768460064868,0.17866905654057014,0.7829270056396864
16QAM_SNR0_ID12.npy,16QAM,64QAM,0.4950751265222467,0.0,0.01569371951178162,0.0536561101509215,0.008603098728492024,0.42697194508655817,0.4950751265222467
16QAM_SNR0_ID120.npy,16QAM,16QAM,0.7363990973214954,0.0,0.0831123734301096,0.054739851096726286,0.021045587611440084,0.7363990973214954,0.1047030905402286
16QAM_SNR0_ID121.npy,16QAM,16QAM,0.8167320009066128,0.0,0.021644686079825472,0.03584705114994255,0.00631346241826105,0.8167320009066128,0.11946279944535818
16QAM_SNR0_ID122.npy,16QAM,16QAM,0.6379328626986042,0.0,0.0182598922181078,0.12958996802993195,0.01668532203710726,0.6379328626986042,0.19753195501624882
16QAM_SNR0_ID123.npy,16QAM,64QAM,0.5145007097945503,0.0,0.01975324142482054,0.10571208195184173,0.014735058874373444,0.345298907954414,0.5145007097945503
16QAM_SNR0_ID124.npy,16QAM,16QAM,0.6698771580348917,0.0,0.023834904686484054,0.03530231451769485,0.01159719923789522,0.6698771580348917,0.25938842352303415
16QAM_SNR0_ID125.npy,16QAM,16QAM,0.6527085307183748,0.0,0.03738693662848332,0.03359506481618745,0.01271593418205906,0.6527085307183748,0.2635935336548954
16QAM_SNR0_ID126.npy,16QAM,16QAM,0.5359836049376823,0.0,0.018383059168003233,0.26190776039474806,0.0174375938567913,0.5359836049376823,0.16628798164277517
16QAM_SNR0_ID127.npy,16QAM,64QAM,0.6870139615915083,0.0,0.01627091717734388,0.022421511380150864,0.014737602131495314,0.2595560077195017,0.6870139615915083
16QAM_SNR0_ID128.npy,16QAM,16QAM,0.4518847759044784,0.0,0.015493851871588858,0.09755829682338897,0.008631690551114355,0.4518847759044784,0.42643138484942944
16QAM_SNR0_ID129.npy,16QAM,8PSK,0.4416045289165431,0.0,0.04978789019310745,0.2486810596560469,0.4416045289165431,0.24363983859990657,0.01628668263439598
16QAM_SNR0_ID13.npy,16QAM,8PSK,0.4090129572286677,0.0,0.05834954970180659,0.2145398617768032,0.4090129572286677,0.3072368001092393,0.010860831183483194
16QAM_SNR0_ID130.npy,16QAM,QPSK,0.4491635853961174,0.0,0.013486779256729057,0.4491635853961174,0.054607080927155875,0.4374962515527558,0.045246302867241836
16QAM_SNR0_ID131.npy,16QAM,64QAM,0.5011230465373048,0.0,0.015341786224363508,0.0379654220783929,0.003495536068035249,0.44207420909190354,0.5011230465373048
16QAM_SNR0_ID132.npy,16QAM,16QAM,0.6218648197650539,0.0,0.020799079618149963,0.3045871300762983,0.02208350370171769,0.6218648197650539,0.030665466838780117
16QAM_SNR0_ID133.npy,16QAM,16QAM,0.7197706916113796,0.0,0.03087673682355904,0.09763106826033457,0.011866117559293158,0.7197706916113796,0.13985538574543355
16QAM_SNR0_ID134.npy,16QAM,16QAM,0.6092538684926543,0.0,0.044882000147342706,0.07713219453020077,0.010707421691832733,0.6092538684926543,0.25802451513796953
16QAM_SNR0_ID135.npy,16QAM,16QAM,0.8011581414636421,0.0,0.027941233894312318,0.11100564400505314,0.011123553755549012,0.8011581414636421,0.048771426881443494
16QAM_SNR0_ID136.npy,16QAM,16QAM,0.8350326886325354,0.0,0.024541156244895924,0.03655122306568891,0.009712479773127544,0.8350326886325354,0.09416245228375222
16QAM_SNR0_ID137.npy,16QAM,16QAM,0.7149137126697451,0.0,0.05379230802218527,0.09901064840683448,0.01750013602152058,0.7149137126697451,0.11478319487971454
16QAM_SNR0_ID138.npy,16QAM,8PSK,0.656868466292554,0.0,0.044039638008597205,0.1391398719287289,0.656868466292554,0.15299039095619626,0.006961632813923621
16QAM_SNR0_ID139.npy,16QAM,16QAM,0.5684499083244012,0.0,0.05231403695963224,0.08292954732894078,0.02761992616287006,0.5684499083244012,0.2686865812241556
16QAM_SNR0_ID14.npy,16QAM,64QAM,0.38360079448691103,0.0,0.022605276459045916,0.23565733411003165,0.007389410471148524,0.3507471844728629,0.38360079448691103
16QAM_SNR0_ID140.npy,16QAM,16QAM,0.6572253231424355,0.0,0.03198586664955528,0.05708245817189763,0.012162426907405847,0.6572253231424355,0.2415439251287057
16QAM_SNR0_ID141.npy,16QAM,8PSK,0.7602713788807818,0.0,0.009531186982867014,0.22205760910091016,0.7602713788807818,0.0035064512514056097,0.004633373784035494
16QAM_SNR0_ID142.npy,16QAM,64QAM,0.551379496473087,0.0,0.11515053511726207,0.005309914943699219,0.15339989427584658,0.17476015919010507,0.551379496473087
16QAM_SNR0_ID143.npy,16QAM,16QAM,0.747613134563718,0.0,0.0470348863175315,0.04003316637705761,0.01606232188383514,0.747613134563718,0.14925649085785778
16QAM_SNR0_ID144.npy,16QAM,16QAM,0.8290180435684567,0.0,0.024224539908705538,0.06034368773469317,0.0065686272028241425,0.8290180435684567,0.07984510158532046
16QAM_SNR0_ID145.npy,16QAM,64QAM,0.7753190641012745,0.0,0.02810544448312441,0.011548276337038553,0.04667311751763419,0.13835409756092834,0.7753190641012745
16QAM_SNR0_ID146.npy,16QAM,16QAM,0.671362065392757,0.0,0.03089011074204445,0.2155094707341204,0.041740383322553934,0.671362065392757,0.04049796980852418
16QAM_SNR0_ID147.npy,16QAM,16QAM,0.5958190087787796,0.0,0.03290404582279754,0.15815119717465595,0.018113517495270872,0.5958190087787796,0.19501223072849602
16QAM_SNR0_ID148.npy,16QAM,64QAM,0.6139654640413512,0.0,0.03192641647281319,0.006236262155820619,0.018081639112266398,0.32979021821774857,0.6139654640413512
16QAM_SNR0_ID149.npy,16QAM,16QAM,0.6254752128252251,0.0,0.0185083830286988,0.08385890148027923,0.004705024764735547,0.6254752128252251,0.26745247790106136
16QAM_SNR0_ID15.npy,16QAM,16QAM,0.6504522679456403,0.0,0.03640235295572903,0.015884260669421314,0.014054046967275148,0.6504522679456403,0.28320707146193425
16QAM_SNR0_ID150.npy,16QAM,QPSK,0.4940639245146816,0.0,0.020588726037217037,0.4940639245146816,0.03931910365840241,0.3866128498082934,0.05941539598140553
16QAM_SNR0_ID151.npy,16QAM,64QAM,0.6920204674677085,0.0,0.017698641274671554,0.00875036559499786,0.00672556970944822,0.27480495595317384,0.6920204674677085
16QAM_SNR0_ID152.npy,16QAM,16QAM,0.518012580488842,0.0,0.0535121355092417,0.009021814232201915,0.011877717829148041,0.518012580488842,0.4075757519405663
16QAM_SNR0_ID153.npy,16QAM,16QAM,0.6931435814942765,0.0,0.027227256757414626,0.05646074886725845,0.00900597027938661,0.6931435814942765,0.2141624426016638
16QAM_SNR0_ID154.npy,16QAM,16QAM,0.6589226862835404,0.0,0.028877836711502673,0.21245095084423898,0.025987044428351286,0.6589226862835404,0.07376148173236663
16QAM_SNR0_ID155.npy,16QAM,64QAM,0.575523325037992,0.0,0.014402216446622393,0.04089141652053475,0.006472843862852475,0.36271019813199845,0.575523325037992
16QAM_SNR0_ID156.npy,16QAM,64QAM,0.7062386180260865,0.0,0.010645061166961145,0.05491402101870919,0.008176380967084876,0.22002591882115832,0.7062386180260865
16QAM_SNR0_ID157.npy,16QAM,16QAM,0.7211425297736233,0.0,0.03222618360003405,0.07068201875605551,0.007899520945392563,0.7211425297736233,0.16804974692489463
16QAM_SNR0_ID158.npy,16QAM,16QAM,0.8330083607105514,0.0,0.02357933607493173,0.05634422434382244,0.007602177429074073,0.8330083607105514,0.07946590144162041
16QAM_SNR0_ID159.npy,16QAM,16QAM,0.8486144041077976,0.0,0.02705220309674157,0.046714872907140916,0.008355243338418007,0.8486144041077976,0.06926327654990183
16QAM_SNR0_ID16.npy,16QAM,64QAM,0.7054267776655441,0.0,0.010475423259911394,0.08350026973652659,0.006540951516903761,0.19405657782111418,0.7054267776655441
16QAM_SNR0_ID160.npy,16QAM,16QAM,0.6172073075867044,0.0,0.008056344202716559,0.026165586583653914,0.00461455122665824,0.6172073075867044,0.3439562104002669
16QAM_SNR0_ID161.npy,16QAM,16QAM,0.6798916694981537,0.0,0.02801916474889181,0.06351649002247105,0.006920357715780772,0.6798916694981537,0.22165231801470262
16QAM_SNR0_ID162.npy,16QAM,64QAM,0.7541730516811145,0.0,0.03845969714194517,0.00744903642470409,0.018322066625104053,0.18159614812713218,0.7541730516811145
16QAM_SNR0_ID163.npy,16QAM,16QAM,0.8769918765682273,0.0,0.02885791048912205,0.04472034651068884,0.008336439165622758,0.8769918765682273,0.04109342726633903
16QAM_SNR0_ID164.npy,16QAM,16QAM,0.6690985279149335,0.0,0.026118376388493344,0.06778300323833106,0.009836898513380958,0.6690985279149335,0.22716319394486115
16QAM_SNR0_ID165.npy,16QAM,64QAM,0.537368763577377,0.0,0.028905017625469744,0.025436972290719975,0.012122606063827368,0.3961666404426059,0.537368763577377
16QAM_SNR0_ID166.npy,16QAM,64QAM,0.7566043456691393,0.0,0.026329876783489012,0.004819577293231096,0.02400315841637122,0.1882430418377694,0.7566043456691393
16QAM_SNR0_ID167.npy,16QAM,16QAM,0.8293033313263887,0.0,0.01632620781499536,0.02756591617942578,0.006472970266294217,0.8293033313263887,0.12033157441289592
16QAM_SNR0_ID168.npy,16QAM,64QAM,0.7598695973553091,0.0,0.03671415422934493,0.02375567455533555,0.043694998560533535,0.1359655752994768,0.7598695973553091
16QAM_SNR0_ID169.npy,16QAM,16QAM,0.6057883201633724,0.0,0.04201777873113468,0.22450993502162297,0.06267459350844162,0.6057883201633724,0.06500937257542835
16QAM_SNR0_ID17.npy,16QAM,16QAM,0.622383992486468,0.0,0.027805363463209384,0.04067552945021495,0.004255328317302238,0.622383992486468,0.3048797862828054
16QAM_SNR0_ID170.npy,16QAM,64QAM,0.7138890759060912,0.0,0.010832961645117387,0.01470844147575315,0.00802247648169893,0.2525470444913393,0.7138890759060912
16QAM_SNR0_ID171.npy,16QAM,16QAM,0.8697992600910361,0.0,0.017058120480207325,0.030992187347921245,0.005085860223608517,0.8697992600910361,0.0770645718572268
16QAM_SNR0_ID172.npy,16QAM,64QAM,0.44816794978148555,0.0,0.05692725884667731,0.042962752388947284,0.04112609426785572,0.41081594471503413,0.44816794978148555
16QAM_SNR0_ID173.npy,16QAM,16QAM,0.6795489316807014,0.0,0.0358437343459029,0.06505271670573688,0.01207272793726186,0.6795489316807014,0.2074818893303969
16QAM_SNR0_ID174.npy,16QAM,16QAM,0.6665666437834022,0.0,0.06758832346831598,0.20193470355381446,0.03326767648993255,0.6665666437834022,0.030642652704534732
16QAM_SNR0_ID175.npy,16QAM,64QAM,0.547110571695318,0.0,0.019958839510684705,0.07483990504823243,0.010730084529512398,0.3473605992162525,0.547110571695318
16QAM_SNR0_ID176.npy,16QAM,16QAM,0.9366692546979466,0.0,0.01131430216879505,0.03091658529312313,0.004713049881248671,0.9366692546979466,0.0163868079588866
16QAM_SNR0_ID177.npy,16QAM,16QAM,0.6929589809381748,0.0,0.04126618631416361,0.17539587710222115,0.012342732998836,0.6929589809381748,0.07803622264660443
16QAM_SNR0_ID178.npy,16QAM,16QAM,0.7295299189271848,0.0,0.028503550725841743,0.08369841589703078,0.010141159679014985,0.7295299189271848,0.14812695477092774
16QAM_SNR0_ID179.npy,16QAM,16QAM,0.7336865600222209,0.0,0.03584060092919519,0.04948587940828969,0.008883157879736309,0.7336865600222209,0.1721038017605579
16QAM_SNR0_ID18.npy,16QAM,64QAM,0.5147213023756254,0.0,0.02500462556849174,0.09088125887343475,0.018115148382820512,0.3512776647996276,0.5147213023756254
16QAM_SNR0_ID180.npy,16QAM,16QAM,0.5268575516938656,0.0,0.010391545735830003,0.0702210812438886,0.006616863146128553,0.5268575516938656,0.38591295818028726
16QAM_SNR0_ID181.npy,16QAM,16QAM,0.6630392974829361,0.0,0.039480070274132265,0.025056988280960094,0.013542690174962022,0.6630392974829361,0.2588809537870095
16QAM_SNR0_ID182.npy,16QAM,16QAM,0.8449438365840787,0.0,0.019934304955989978,0.07146869069656793,0.01571933526242026,0.8449438365840787,0.0479338325009431
16QAM_SNR0_ID183.npy,16QAM,64QAM,0.7176918725211358,0.0,0.01250529588413586,0.012938309929995067,0.009223641055137509,0.2476408806095958,0.7176918725211358
16QAM_SNR0_ID184.npy,16QAM,16QAM,0.5679391877599949,0.0,0.038370734327713804,0.04101945745314493,0.011838075824835667,0.5679391877599949,0.3408325446343108
16QAM_SNR0_ID185.npy,16QAM,16QAM,0.6465566907987008,0.0,0.04354722727026505,0.1381323825053558,0.01365900826838446,0.6465566907987008,0.1581046911572939
16QAM_SNR0_ID186.npy,16QAM,16QAM,0.7049018695508066,0.0,0.0202674208367784,0.15903950333918299,0.03424597151873556,0.7049018695508066,0.08154523475449646
16QAM_SNR0_ID187.npy,16QAM,16QAM,0.7885213547783891,0.0,0.018001217114000132,0.06838948695686142,0.005271232241336311,0.7885213547783891,0.11981670890941302
16QAM_SNR0_ID188.npy,16QAM,64QAM,0.6978230692521642,0.0,0.033147034753978684,0.028473852577370846,0.020354294091775686,0.22020174932471065,0.6978230692521642
16QAM_SNR0_ID189.npy,16QAM,8PSK,0.5357510934491763,0.0,0.021652555755836137,0.3279539312216759,0.5357510934491763,0.10490077555432822,0.009741644018983517
16QAM_SNR0_ID19.npy,16QAM,64QAM,0.5416839437806312,0.0,0.00966091235021457,0.00983158640987509,0.006452528747031275,0.4323710287122478,0.5416839437806312
16QAM_SNR0_ID190.npy,16QAM,16QAM,0.6653801946382547,0.0,0.028444172804152422,0.09942489057360572,0.00900452486723327,0.6653801946382547,0.19774621711675391
16QAM_SNR0_ID191.npy,16QAM,64QAM,0.4874221733814225,0.0,0.03844021365290611,0.059792567342162734,0.01155911741690382,0.4027859282066048,0.4874221733814225
16QAM_SNR0_ID192.npy,16QAM,16QAM,0.6329438416076226,0.0,0.015765997104378333,0.03604205437798891,0.004234532134940619,0.6329438416076226,0.31101357477506947
16QAM_SNR0_ID193.npy,16QAM,64QAM,0.6710220291365186,0.0,0.007654934369364768,0.02290829244822306,0.009278429209123551,0.28913631483677005,0.6710220291365186
16QAM_SNR0_ID194.npy,16QAM,16QAM,0.5337611608922905,0.0,0.03722509497825942,0.017233642711116087,0.011697008358807092,0.5337611608922905,0.40008309305952683
16QAM_SNR0_ID195.npy,16QAM,16QAM,0.7526487938620141,0.0,0.04736629130179599,0.10586718547214642,0.016430473650547128,0.7526487938620141,0.07768725571349633
16QAM_SNR0_ID196.npy,16QAM,64QAM,0.8054884219904902,0.0,0.018385675181145398,0.0032913597812571954,0.02031970977198541,0.1525148332751218,0.8054884219904902
16QAM_SNR0_ID197.npy,16QAM,16QAM,0.5577006576618492,0.0,0.01281474957009,0.05019455707220416,0.006801262228795064,0.5577006576618492,0.37248877346706155
16QAM_SNR0_ID198.npy,16QAM,16QAM,0.7864602355884742,0.0,0.05852442115666164,0.10615691159253558,0.02028172537552278,0.7864602355884742,0.028576706286805763
16QAM_SNR0_ID199.npy,16QAM,16QAM,0.8018093876266459,0.0,0.010839501470507523,0.06709784017649145,0.004575482209732385,0.8018093876266459,0.11567778851662279
16QAM_SNR0_ID2.npy,16QAM,16QAM,0.4121066560086222,0.0,0.045239679697202224,0.2971258352105179,0.21182804841781938,0.4121066560086222,0.033699780665838314
16QAM_SNR0_ID20.npy,16QAM,16QAM,0.641287187696805,0.0,0.056303107204294295,0.006814076866082719,0.013452314432722134,0.641287187696805,0.28214331380009583
16QAM_SNR0_ID200.npy,16QAM,64QAM,0.6973663504106844,0.0,0.029652047682927583,0.02176738748381569,0.017095866643051842,0.23411834777952045,0.6973663504106844
16QAM_SNR0_ID21.npy,16QAM,QPSK,0.5063143886173443,0.0,0.021872123716792705,0.5063143886173443,0.1668247016139095,0.24587302969134214,0.05911575636061128
16QAM_SNR0_ID22.npy,16QAM,QPSK,0.41282206336862215,0.0,0.023344242407446168,0.41282206336862215,0.06894470008140051,0.29252926843288407,0.2023597257096471
16QAM_SNR0_ID23.npy,16QAM,16QAM,0.8079861058673673,0.0,0.024138627595136086,0.11613014535451573,0.017471221895979126,0.8079861058673673,0.034273899287001794
16QAM_SNR0_ID24.npy,16QAM,16QAM,0.5151396532505441,0.0,0.016182590210369927,0.07751488566799103,0.008523698079421195,0.5151396532505441,0.3826391727916737
16QAM_SNR0_ID25.npy,16QAM,16QAM,0.7226671732988315,0.0,0.027607504051229338,0.17556290158042745,0.020357081067596823,0.7226671732988315,0.0538053400019149
16QAM_SNR0_ID26.npy,16QAM,16QAM,0.8980823314424945,0.0,0.015038541456756812,0.03027950823332095,0.004235549590581256,0.8980823314424945,0.05236406927684651
16QAM_SNR0_ID27.npy,16QAM,64QAM,0.7476344920354197,0.0,0.0287773753249094,0.003625628500728113,0.025109507042320567,0.1948529970966222,0.7476344920354197
16QAM_SNR0_ID28.npy,16QAM,16QAM,0.7519894092883035,0.0,0.030898003134275428,0.08508348140126056,0.021700271159717198,0.7519894092883035,0.11032883501644332
16QAM_SNR0_ID29.npy,16QAM,16QAM,0.7451240341361958,0.0,0.04058077191436422,0.12506147692666159,0.014073898250960452,0.7451240341361958,0.07515981877181799
16QAM_SNR0_ID3.npy,16QAM,16QAM,0.7537193552908762,0.0,0.03559755041054089,0.1419403628848593,0.01723689894424059,0.7537193552908762,0.05150583246948302
16QAM_SNR0_ID30.npy,16QAM,16QAM,0.7742848583565349,0.0,0.0396806201596495,0.08261535794649755,0.012121044751876597,0.7742848583565349,0.09129811878544138
16QAM_SNR0_ID31.npy,16QAM,16QAM,0.6814369858774407,0.0,0.009434044115287392,0.005475038546967996,0.004383172877500267,0.6814369858774407,0.2992707585828036
16QAM_SNR0_ID32.npy,16QAM,16QAM,0.5040006155803641,0.0,0.021334761724936188,0.01319677989025066,0.0074069951690728395,0.5040006155803641,0.4540608476353762
16QAM_SNR0_ID33.npy,16QAM,16QAM,0.7306239200840388,0.0,0.027208197569028997,0.12329783766005846,0.038625755799722626,0.7306239200840388,0.08024428888715118
16QAM_SNR0_ID34.npy,16QAM,16QAM,0.821149534080761,0.0,0.016397533641193864,0.04526235593074691,0.00485364253361408,0.821149534080761,0.1123369338136842
16QAM_SNR0_ID35.npy,16QAM,64QAM,0.9260532326436554,0.0,0.004826707049573496,0.010729811830638404,0.004790644078576537,0.05359960439755625,0.9260532326436554
16QAM_SNR0_ID36.npy,16QAM,16QAM,0.7436406403890888,0.0,0.04418478408760275,0.05300116891053342,0.012171576860585436,0.7436406403890888,0.14700182975218956
16QAM_SNR0_ID37.npy,16QAM,16QAM,0.8159255271424115,0.0,0.052002479079039675,0.08446979293987913,0.02035083370909505,0.8159255271424115,0.02725136712957463
16QAM_SNR0_ID38.npy,16QAM,16QAM,0.48028765076621366,0.0,0.01517562407434337,0.08430545058071337,0.004013500665663485,0.48028765076621366,0.41621777391306614
16QAM_SNR0_ID39.npy,16QAM,64QAM,0.5041747416586726,0.0,0.016329061147496594,0.02499093412672334,0.0071339787714579,0.44737128429564954,0.5041747416586726
16QAM_SNR0_ID4.npy,16QAM,64QAM,0.4825184529849859,0.0,0.04028807728292808,0.01751567711520532,0.0186909015577427,0.44098689105913796,0.4825184529849859
16QAM_SNR0_ID40.npy,16QAM,64QAM,0.5924423224342568,0.0,0.019443697506330456,0.014253843051633483,0.009820030219201425,0.36404010678857784,0.5924423224342568
16QAM_SNR0_ID41.npy,16QAM,64QAM,0.4685931941214047,0.0,0.0324285652994509,0.09309827339644708,0.019786675272527525,0.3860932919101698,0.4685931941214047
16QAM_SNR0_ID42.npy,16QAM,64QAM,0.5939285680668046,0.0,0.016135085180317768,0.010102915178891933,0.012324496231556776,0.36750893534242896,0.5939285680668046
16QAM_SNR0_ID43.npy,16QAM,64QAM,0.7181973682989709,0.0,0.02879996908917553,0.011289572146082722,0.013981622410378649,0.2277314680553922,0.7181973682989709
16QAM_SNR0_ID44.npy,16QAM,16QAM,0.6216600033752693,0.0,0.036969258955347584,0.2168492068378476,0.02589358390661092,0.6216600033752693,0.09862794692492464
16QAM_SNR0_ID45.npy,16QAM,16QAM,0.7058180269406541,0.0,0.021429994531473755,0.05981577219232294,0.007816650525153146,0.7058180269406541,0.20511955581039606
16QAM_SNR0_ID46.npy,16QAM,64QAM,0.49785137832655,0.0,0.03452202476415288,0.043492474851263424,0.014824788317134612,0.40930933374089906,0.49785137832655
16QAM_SNR0_ID47.npy,16QAM,16QAM,0.6167241891637975,0.0,0.021399890730766268,0.2707042956895279,0.011473209145354282,0.6167241891637975,0.07969841527055402
16QAM_SNR0_ID48.npy,16QAM,16QAM,0.7457182184605372,0.0,0.042574173534384335,0.1279595917849568,0.029241355186387246,0.7457182184605372,0.05450666103373445
16QAM_SNR0_ID49.npy,16QAM,16QAM,0.9430381104678718,0.0,0.012984344064553146,0.015062950677126598,0.004378165983483507,0.9430381104678718,0.024536428806964966
16QAM_SNR0_ID5.npy,16QAM,16QAM,0.705896737914981,0.0,0.02234992673671712,0.09841705733017035,0.01114823927126687,0.705896737914981,0.1621880387468647
16QAM_SNR0_ID50.npy,16QAM,16QAM,0.6851960744179066,0.0,0.03034471666254977,0.08629003724416064,0.010729749326138757,0.6851960744179066,0.18743942234924418
16QAM_SNR0_ID51.npy,16QAM,16QAM,0.787928779042516,0.0,0.04904994259606261,0.10155846127790724,0.010932347555571471,0.787928779042516,0.05053046952794262
16QAM_SNR0_ID52.npy,16QAM,16QAM,0.8918218375549355,0.0,0.015701582661843537,0.040143682314247545,0.004473141695898956,0.8918218375549355,0.04785975577307443
16QAM_SNR0_ID53.npy,16QAM,64QAM,0.8289663159188382,0.0,0.013472464399653371,0.008781744678739442,0.03231198030414583,0.11646749469862314,0.8289663159188382
16QAM_SNR0_ID54.npy,16QAM,64QAM,0.6699056255509892,0.0,0.02129099590664928,0.005632870298007151,0.018845929547284604,0.2843245786970698,0.6699056255509892
16QAM_SNR0_ID55.npy,16QAM,16QAM,0.523785952773969,0.0,0.0905385469386087,0.008832461140561602,0.056752593184371876,0.523785952773969,0.32009044596248876
16QAM_SNR0_ID56.npy,16QAM,64QAM,0.5320440483498581,0.0,0.012288911038502548,0.020974454654505762,0.004774810681045943,0.4299177752760877,0.5320440483498581
16QAM_SNR0_ID57.npy,16QAM,64QAM,0.7264976057463088,0.0,0.01884089513742484,0.015154395209943366,0.0101222284331097,0.2293848754732133,0.7264976057463088
16QAM_SNR0_ID58.npy,16QAM,16QAM,0.6580022445102763,0.0,0.054701661589401034,0.03349456464357948,0.014128195977812133,0.6580022445102763,0.239673333278931
16QAM_SNR0_ID59.npy,16QAM,16QAM,0.8207923550758858,0.0,0.018208269440376713,0.01282257167620276,0.004135844211516007,0.8207923550758858,0.14404095959601873
16QAM_SNR0_ID6.npy,16QAM,16QAM,0.5869154740282506,0.0,0.01997972733849175,0.010321901967098744,0.0065654886083575965,0.5869154740282506,0.3762174080578013
16QAM_SNR0_ID60.npy,16QAM,16QAM,0.6681866162126537,0.0,0.02524708512455974,0.05615747161787921,0.007758638652391785,0.6681866162126537,0.24265018839251548
16QAM_SNR0_ID61.npy,16QAM,64QAM,0.6724854609892013,0.0,0.014044104060025236,0.08253336180477701,0.00613473621427522,0.22480233693172127,0.6724854609892013
16QAM_SNR0_ID62.npy,16QAM,16QAM,0.6357494739769688,0.0,0.014779510765658756,0.13299696082523654,0.014174358659595009,0.6357494739769688,0.20229969577254092
16QAM_SNR0_ID63.npy,16QAM,16QAM,0.6266972842834547,0.0,0.0333074290430665,0.10445439921963091,0.008622888660941692,0.6266972842834547,0.22691799879290617
16QAM_SNR0_ID64.npy,16QAM,QPSK,0.6967535916689341,0.0,0.019004728962860984,0.6967535916689341,0.09687155744808472,0.17141990970365426,0.015950212216465847
16QAM_SNR0_ID65.npy,16QAM,64QAM,0.6665746929349703,0.0,0.013511318272276874,0.015146525845816775,0.008606839258392958,0.2961606236885431,0.6665746929349703
16QAM_SNR0_ID66.npy,16QAM,16QAM,0.902459388809934,0.0,0.023565526000333598,0.022773131694300598,0.0073428379306288505,0.902459388809934,0.043859115564802924
16QAM_SNR0_ID67.npy,16QAM,16QAM,0.5422651938561406,0.0,0.0698944455878601,0.060322748746311675,0.012849347034468094,0.5422651938561406,0.31466826477521953
16QAM_SNR0_ID68.npy,16QAM,16QAM,0.7720061047942084,0.0,0.015512279612601015,0.0665012877937985,0.004751864548193696,0.7720061047942084,0.14122846325119834
16QAM_SNR0_ID69.npy,16QAM,16QAM,0.7062398177475779,0.0,0.016860238874964184,0.11328905682741813,0.008509337276535647,0.7062398177475779,0.15510154927350409
16QAM_SNR0_ID7.npy,16QAM,64QAM,0.5547277641560576,0.0,0.012298458564230131,0.05512691035775092,0.006967195550943075,0.37087967137101824,0.5547277641560576
16QAM_SNR0_ID70.npy,16QAM,64QAM,0.8821836687620046,0.0,0.01333947546752634,0.004329322769538877,0.016460353460408732,0.08368717954052149,0.8821836687620046
16QAM_SNR0_ID71.npy,16QAM,8PSK,0.7169491512867625,0.0,0.03686422999584187,0.09584376298178546,0.7169491512867625,0.14368163141772614,0.006661224317884084
16QAM_SNR0_ID72.npy,16QAM,64QAM,0.4609686658111401,0.0,0.0178267408350457,0.06944786587018584,0.0038767093836682303,0.44788001809996014,0.4609686658111401
16QAM_SNR0_ID73.npy,16QAM,16QAM,0.7113093834019771,0.0,0.04466728710451757,0.0743787315417296,0.008713124842414344,0.7113093834019771,0.16093147310936132
16QAM_SNR0_ID74.npy,16QAM,16QAM,0.46292471628143195,0.0,0.011117765932656704,0.10869471021240369,0.0037878490402293375,0.46292471628143195,0.4134749585332783
16QAM_SNR0_ID75.npy,16QAM,16QAM,0.8883101947299923,0.0,0.02138694027984708,0.03810787541039198,0.006893140326438463,0.8883101947299923,0.045301849253330154
16QAM_SNR0_ID76.npy,16QAM,16QAM,0.8535556614779312,0.0,0.01805636650427059,0.06276182340169813,0.01035395805669179,0.8535556614779312,0.055272190559408275
16QAM_SNR0_ID77.npy,16QAM,16QAM,0.7506919817846134,0.0,0.027345139153359063,0.1342562154804929,0.010715161032367236,0.7506919817846134,0.07699150254916745
16QAM_SNR0_ID78.npy,16QAM,16QAM,0.9128125993633351,0.0,0.01306151119954568,0.03886578753328353,0.011605421491349669,0.9128125993633351,0.02365468041248595
16QAM_SNR0_ID79.npy,16QAM,16QAM,0.7045362437774387,0.0,0.03321603027219045,0.11718821567301443,0.011456415011841215,0.7045362437774387,0.13360309526551511
16QAM_SNR0_ID8.npy,16QAM,16QAM,0.6268721275110927,0.0,0.01559867948437384,0.07644957783313042,0.005586067006143485,0.6268721275110927,0.27549354816525967
16QAM_SNR0_ID80.npy,16QAM,64QAM,0.5696776924907905,0.0,0.02571975844802628,0.06135372091432931,0.00964630768373932,0.33360252046311467,0.5696776924907905
16QAM_SNR0_ID81.npy,16QAM,64QAM,0.49989458254263325,0.0,0.020662469014591938,0.07188763298936776,0.012898430181236275,0.39465688527217074,0.49989458254263325
16QAM_SNR0_ID82.npy,16QAM,16QAM,0.48795497968045404,0.0,0.03925720503520143,0.06661718139497158,0.0075269523895191235,0.48795497968045404,0.3986436814998538
16QAM_SNR0_ID83.npy,16QAM,64QAM,0.8876521850291645,0.0,0.026189828253846557,0.0029136685668816505,0.0075481395055722236,0.075696178644535,0.8876521850291645
16QAM_SNR0_ID84.npy,16QAM,64QAM,0.5491614441601746,0.0,0.029193364047151858,0.031165358367703372,0.03185034114036537,0.3586294922846047,0.5491614441601746
16QAM_SNR0_ID85.npy,16QAM,16QAM,0.5147684072910448,0.0,0.019818014406948754,0.11061192722114795,0.009725456569373141,0.5147684072910448,0.34507619451148536
16QAM_SNR0_ID86.npy,16QAM,16QAM,0.8799529924644397,0.0,0.015398510768572515,0.03278840486293154,0.00527095314152496,0.8799529924644397,0.0665891387625313
16QAM_SNR0_ID87.npy,16QAM,16QAM,0.6962198208633283,0.0,0.030927757291710184,0.16352391459750562,0.023315837245032334,0.6962198208633283,0.08601267000242349
16QAM_SNR0_ID88.npy,16QAM,16QAM,0.8461596159547643,0.0,0.022947594804150952,0.05196523855937547,0.0077988271870880355,0.8461596159547643,0.07112872349462121
16QAM_SNR0_ID89.npy,16QAM,16QAM,0.7917054101509702,0.0,0.030219830559981307,0.10262417037722986,0.012217590763658187,0.7917054101509702,0.06323299814816047
16QAM_SNR0_ID9.npy,16QAM,16QAM,0.7720805214932845,0.0,0.0704620685689782,0.04355157394592541,0.014698045815231963,0.7720805214932845,0.09920779017657987
16QAM_SNR0_ID90.npy,16QAM,64QAM,0.7700683422574371,0.0,0.01137080808242753,0.023168501776974198,0.008030794271086397,0.18736155361207477,0.7700683422574371
16QAM_SNR0_ID91.npy,16QAM,16QAM,0.6019272477723403,0.0,0.05411624105672224,0.07231380353791349,0.0238877128490854,0.6019272477723403,0.2477549947839386
16QAM_SNR0_ID92.npy,16QAM,64QAM,0.569728185907683,0.0,0.016016913135967092,0.05561418095287513,0.012464329697046368,0.3461763903064283,0.569728185907683
16QAM_SNR0_ID93.npy,16QAM,16QAM,0.6193187969425897,0.0,0.021501521952356654,0.23746814329366359,0.04280808771843443,0.6193187969425897,0.0789034500929556
16QAM_SNR0_ID94.npy,16QAM,16QAM,0.7062474984087963,0.0,0.04755339671975381,0.12280738985672118,0.04097174477776264,0.7062474984087963,0.08241997023696601
16QAM_SNR0_ID95.npy,16QAM,16QAM,0.737549407382924,0.0,0.043981583054222215,0.15760491509670854,0.027332832606882396,0.737549407382924,0.033531261859262834
16QAM_SNR0_ID96.npy,16QAM,16QAM,0.7747027723586165,0.0,0.06599432055930071,0.04736365175117553,0.01140297646490272,0.7747027723586165,0.10053627886600452
16QAM_SNR0_ID97.npy,16QAM,16QAM,0.7478343760831947,0.0,0.050886397044082064,0.12237773940914476,0.012219386894398054,0.7478343760831947,0.06668210056918043
16QAM_SNR0_ID98.npy,16QAM,16QAM,0.5194482802802121,0.0,0.013732184787142757,0.12347029906817006,0.007109950441267917,0.5194482802802121,0.33623928542320713
16QAM_SNR0_ID99.npy,16QAM,16QAM,0.4615468779087224,0.0,0.01423829512681094,0.07471312926390263,0.0037952117019829385,0.4615468779087224,0.44570648599858115
16QAM_SNR10_ID1.npy,16QAM,64QAM,0.9548641216043418,10.0,0.006791450792398098,0.012249678358831331,0.007300916293115843,0.01879383295131296,0.9548641216043418
16QAM_SNR10_ID10.npy,16QAM,64QAM,0.9082528133865199,10.0,0.02014860704046458,0.025352134389878545,0.010185434735165177,0.03606101044797184,0.9082528133865199
16QAM_SNR10_ID100.npy,16QAM,64QAM,0.9134455434424809,10.0,0.01807425481603356,0.03399005367636349,0.013797812259197037,0.020692335805925038,0.9134455434424809
16QAM_SNR10_ID101.npy,16QAM,64QAM,0.8262580368770164,10.0,0.07421168690414105,0.05836474135602343,0.014253576581106497,0.026911958281712688,0.8262580368770164
16QAM_SNR10_ID102.npy,16QAM,64QAM,0.5129227204084017,10.0,0.013407826237074878,0.039485475293613195,0.02085892146812744,0.41332505659278274,0.5129227204084017
16QAM_SNR10_ID103.npy,16QAM,64QAM,0.6383527725102563,10.0,0.11458139567448627,0.15751021623058717,0.06104623436538122,0.028509381219289028,0.6383527725102563
16QAM_SNR10_ID104.npy,16QAM,64QAM,0.8485099105986105,10.0,0.03650180164609345,0.04715510577891187,0.01951966303639098,0.04831351893999321,0.8485099105986105
16QAM_SNR10_ID105.npy,16QAM,16QAM,0.9983725555783257,10.0,8.747542491067952e-05,0.00012865794834633287,0.00018790486936162126,0.9983725555783257,0.0012234061790556024
16QAM_SNR10_ID106.npy,16QAM,64QAM,0.8333694475622876,10.0,0.005517464892528168,0.011234598660720584,0.008980172260827585,0.14089831662363603,0.8333694475622876
16QAM_SNR10_ID107.npy,16QAM,64QAM,0.9220637243161246,10.0,0.019234453254016758,0.022151414154684055,0.004889861000256963,0.031660547274917614,0.9220637243161246
16QAM_SNR10_ID108.npy,16QAM,64QAM,0.898612630257316,10.0,0.03980697867990274,0.03966872911376253,0.008302018697212149,0.013609643251806582,0.898612630257316
16QAM_SNR10_ID109.npy,16QAM,64QAM,0.9669270835844865,10.0,0.0077955652797844785,0.018409794939954795,0.001732456019326253,0.005135100176447992,0.9669270835844865
16QAM_SNR10_ID11.npy,16QAM,16QAM,0.9909626754233525,10.0,0.0006156547633941523,0.0010526531305705873,0.0011546985379607237,0.9909626754233525,0.00621431814472203
16QAM_SNR10_ID110.npy,16QAM,64QAM,0.9083602404392558,10.0,0.018296084216994676,0.03423316315778302,0.012207723324245311,0.02690278886172119,0.9083602404392558
16QAM_SNR10_ID111.npy,16QAM,16QAM,0.9991325817399773,10.0,5.9203494633561515e-05,8.753840637052099e-05,0.00011715509263136188,0.9991325817399773,0.0006035212663872732
16QAM_SNR10_ID112.npy,16QAM,64QAM,0.8911749820643158,10.0,0.050657423821133335,0.0359040310285421,0.006094944416388966,0.01616861866961983,0.8911749820643158
16QAM_SNR10_ID113.npy,16QAM,16QAM,0.877532494545599,10.0,0.0024489689959545204,0.004162080047907968,0.0032175744171106775,0.877532494545599,0.11263888199342784
16QAM_SNR10_ID114.npy,16QAM,64QAM,0.7886847585600979,10.0,0.010025664589813162,0.022058935470962566,0.012194421986089127,0.16703621939303726,0.7886847585600979
16QAM_SNR10_ID115.npy,16QAM,64QAM,0.9130017008008088,10.0,0.019471908050676466,0.03680674157750289,0.004164315694996153,0.026555333876015656,0.9130017008008088
16QAM_SNR10_ID116.npy,16QAM,64QAM,0.5547272113358342,10.0,0.017599851895100348,0.03334804204364872,0.004686599902120811,0.38963829482329587,0.5547272113358342
16QAM_SNR10_ID117.npy,16QAM,16QAM,0.5186285222705663,10.0,0.003391191670340692,0.006079871778789744,0.0047415119161413645,0.5186285222705663,0.46715890236416185
16QAM_SNR10_ID118.npy,16QAM,64QAM,0.9053767168039081,10.0,0.015100361124772642,0.02783968567337928,0.010340412826130012,0.04134282357180996,0.9053767168039081
16QAM_SNR10_ID119.npy,16QAM,64QAM,0.676334044696298,10.0,0.011837295962004156,0.014037444261028728,0.0022782270636139777,0.29551298801705517,0.676334044696298
16QAM_SNR10_ID12.npy,16QAM,64QAM,0.8467944309728693,10.0,0.011208886514749064,0.026623095868902838,0.011867531262504432,0.10350605538097435,0.8467944309728693
16QAM_SNR10_ID120.npy,16QAM,64QAM,0.9517724066378309,10.0,0.007834359455782536,0.019538820502496616,0.004801871374144391,0.016052542029745574,0.9517724066378309
16QAM_SNR10_ID121.npy,16QAM,64QAM,0.983752697751654,10.0,0.004077868831372652,0.0054196832971385505,0.0020073246106242777,0.0047424255092105546,0.983752697751654
16QAM_SNR10_ID122.npy,16QAM,16QAM,0.7945058952063282,10.0,0.00495069927615756,0.01069401051218926,0.001833987512039684,0.7945058952063282,0.18801540749328535
16QAM_SNR10_ID123.npy,16QAM,64QAM,0.9867873066864699,10.0,0.004147898023002128,0.005485123714583581,0.0010718330537927527,0.0025078385221516362,0.9867873066864699
16QAM_SNR10_ID124.npy,16QAM,64QAM,0.9447249424503862,10.0,0.008630711404761933,0.015147572178747152,0.009976211684393855,0.021520562281710905,0.9447249424503862
16QAM_SNR10_ID125.npy,16QAM,64QAM,0.915646417358536,10.0,0.01415872972770986,0.016772316880586644,0.0029642356696949618,0.05045830036347245,0.915646417358536
16QAM_SNR10_ID126.npy,16QAM,64QAM,0.9041782585912069,10.0,0.03596214041694022,0.04059807748139964,0.006666305450895952,0.012595218059557252,0.9041782585912069
16QAM_SNR10_ID127.npy,16QAM,64QAM,0.994768501859993,10.0,0.0008103389760502191,0.0017618351995742471,0.0006685045418258319,0.0019908194225567396,0.994768501859993
16QAM_SNR10_ID128.npy,16QAM,64QAM,0.9881115552244548,10.0,0.0024013364155436637,0.006469433879647347,0.0005294015647773412,0.0024882729155767816,0.9881115552244548
16QAM_SNR10_ID129.npy,16QAM,64QAM,0.6659150898710585,10.0,0.06121689019924616,0.11177887116250458,0.09177237177428513,0.06931677699290567,0.6659150898710585
16QAM_SNR10_ID13.npy,16QAM,64QAM,0.9331558766961753,10.0,0.015257454942216123,0.02239178670601678,0.008345503311303466,0.020849378344288343,0.9331558766961753
16QAM_SNR10_ID130.npy,16QAM,64QAM,0.9212784205627784,10.0,0.035483240723965255,0.01015521816482499,0.02015187067757604,0.012931249870855244,0.9212784205627784
16QAM_SNR10_ID131.npy,16QAM,64QAM,0.8494705249130025,10.0,0.015931935899618912,0.013761117460669277,0.0056780745227217235,0.11515834720398768,0.8494705249130025
16QAM_SNR10_ID132.npy,16QAM,64QAM,0.7552221228878978,10.0,0.05886914120341549,0.06945317383914644,0.03984307591452062,0.07661248615501959,0.7552221228878978
16QAM_SNR10_ID133.npy,16QAM,64QAM,0.7452389405984674,10.0,0.1174883292365623,0.10110948614307952,0.015899649179975415,0.020263594841915353,0.7452389405984674
16QAM_SNR10_ID134.npy,16QAM,64QAM,0.8038980561284612,10.0,0.04048636206011832,0.07663722652549293,0.002025109462034585,0.07695324582389301,0.8038980561284612
16QAM_SNR10_ID135.npy,16QAM,64QAM,0.953701063984455,10.0,0.01021995826360842,0.018214147445467215,0.002006595687828112,0.015858234618641293,0.953701063984455
16QAM_SNR10_ID136.npy,16QAM,64QAM,0.9549471381677681,10.0,0.0149858942913779,0.01797432637022356,0.0035495868886480752,0.00854305428198241,0.9549471381677681
16QAM_SNR10_ID137.npy,16QAM,64QAM,0.9955721100041921,10.0,0.000757747263412807,0.0012603714536370285,0.0006342582291230229,0.0017755130496350834,0.9955721100041921
16QAM_SNR10_ID138.npy,16QAM,8PSK,0.34865108381730975,10.0,0.15503333771704272,0.2813822946634209,0.34865108381730975,0.10859340888821305,0.10633987491401355
16QAM_SNR10_ID139.npy,16QAM,64QAM,0.9763776913909857,10.0,0.0034960341821205386,0.015132531437743391,0.0012653068524285532,0.0037284361367217276,0.9763776913909857
16QAM_SNR10_ID14.npy,16QAM,64QAM,0.8956824888470156,10.0,0.0512352895170128,0.03606331514135518,0.004826980697548398,0.012191925797068003,0.8956824888470156
16QAM_SNR10_ID140.npy,16QAM,64QAM,0.9909148412373793,10.0,0.0012424603797080568,0.002713759639950648,0.0006347730662030703,0.004494165676758935,0.9909148412373793
16QAM_SNR10_ID141.npy,16QAM,64QAM,0.9662588193482918,10.0,0.004705344006747857,0.008513754690760985,0.005829088819396633,0.014692993134802722,0.9662588193482918
16QAM_SNR10_ID142.npy,16QAM,64QAM,0.9146693889586244,10.0,0.010046872245705246,0.018488280559776027,0.010744872239014812,0.04605058599687949,0.9146693889586244
16QAM_SNR10_ID143.npy,16QAM,64QAM,0.8596531653408374,10.0,0.05765901396020647,0.04761005806100747,0.014559911366026844,0.020517851271921916,0.8596531653408374
16QAM_SNR10_ID144.npy,16QAM,64QAM,0.7617201387568314,10.0,0.08340315307913614,0.1087815452164037,0.003194207441587887,0.042900955506040894,0.7617201387568314
16QAM_SNR10_ID145.npy,16QAM,64QAM,0.5274052513454339,10.0,0.15275412697493362,0.22945528246372757,0.006381173965350365,0.08400416525055451,0.5274052513454339
16QAM_SNR10_ID146.npy,16QAM,16QAM,0.622248730948549,10.0,0.003255948084661417,0.005097598834827331,0.004506649514296749,0.622248730948549,0.36489107261766546
16QAM_SNR10_ID147.npy,16QAM,64QAM,0.8744094899881591,10.0,0.03161117506297589,0.0506973794274624,0.01563544941005497,0.02764650611134758,0.8744094899881591
16QAM_SNR10_ID148.npy,16QAM,64QAM,0.735505770645954,10.0,0.04287078171148175,0.07179388168883337,0.06927249194036086,0.08055707401336994,0.735505770645954
